z (km),T (K),O (cm-3),NO (cm-3)
80.09712,190.0852,17040392174.4811,1642178.694282356
80.29137,190.276,28995585397.16924,1642178.694282356
80.48561,190.4704,40417647326.46236,4851462.910555317
80.67985,190.6668,51332374005.89885,7427604.03571369
80.8741,190.8635,61769525964.95296,9791361.729919296
81.06834,191.0592,71755099475.91574,12029360.69264403
81.26259,191.2527,81314719037.84184,14171870.87015657
81.45683,191.443,90471902603.21298,16233631.12478179
81.65107,191.6292,99248438336.10284,18223038.35193689
81.84532,191.8104,107663567135.643,20145829.67939886
82.03956,191.9859,115735547362.1458,22006679.84574996
82.23381,192.1552,123480992322.7251,23809103.59434199
82.42805,192.3177,130914645071.5749,25556519.46009402
82.6223,192.473,138050183578.7968,27251647.89431191
82.81654,192.6208,144899689100.9459,28897331.7515889
83.01078,192.7607,151474530773.1909,30495955.82592219
83.20503,192.8926,157784332054.3066,32049760.80763765
83.39927,193.0162,163838638044.6009,33561092.33447132
83.59352,193.1313,169646133435.8379,35031857.70837007
83.78776,193.238,175214352925.8248,36464169.92744967
83.982,193.3361,180550830292.9653,37859809.97335105
84.17625,193.4257,185662059074.9879,39220477.07722048
84.37049,193.5067,190554297359.6968,40547993.34472299
84.56474,193.5792,195233511514.7729,41843819.02195435
84.75898,193.6432,199705046268.2344,43109608.47990416
84.95322,193.6989,203974369466.3358,44346733.66509077
85.14747,193.7463,208046258589.6031,45556806.2326306
85.34171,193.7857,211925531494.6915,46741694.13095608
85.53596,193.8171,215616717681.9917,47902693.06815077
85.7302,193.8407,219124152783.5948,49041192.98834517
85.92444,193.8567,222452050115.4976,50158349.20589333
86.11869,193.8654,225604711763.4271,51255271.18352416
86.31293,193.8669,228585945643.0358,52333189.39430093
86.50718,193.8614,231399677324.632,53393062.7229495
86.70142,193.8493,234049963570.7522,54436023.37197069
86.89566,193.8307,236540461001.4806,55462996.93581548
87.08991,193.8059,238875106807.4826,56474870.55429701
87.28415,193.7751,241057377747.3828,57472648.09695404
87.4784,193.7387,243090593715.0201,58457088.74546561
87.67264,193.6969,244978524408.237,59429112.47854013
87.86689,193.65,246724535650.6009,60389400.91900495
88.06113,193.5983,248332240760.5008,61338794.48573528
88.25537,193.5422,249805113904.8589,62277947.38755456
88.44962,193.4818,251146564509.412,63207480.28072451
88.64386,193.4176,252360084146.961,64128117.32737856
88.83811,193.3499,253448827459.1052,65040357.06871594
89.03235,193.279,254416412585.711,65944843.41261072
89.22858,193.2045,255274288559.845,66842189.64677694
89.42681,193.1265,256022381450.0354,67733099.29350789
89.62707,193.0456,256660557081.9859,68618155.34754652
89.82938,192.9619,257189130753.0405,69497946.72398876
90.03375,192.8758,257608417936.2684,70373189.0886354
90.24021,192.7878,257918289586.6769,71245206.48918912
90.44878,192.6981,258119321336.2214,72115355.3536129
90.65948,192.6074,258211809538.0909,72984345.2432229
90.87234,192.5161,258196417532.651,73852830.21688828
91.08737,192.4247,258073661907.7635,74721528.42765808
91.30459,192.3339,257844321179.2456,75591095.94694906
91.52404,192.2443,257509258767.6612,76462090.59664679
91.74573,192.1565,257069228901.264,77335163.41547227
91.96968,192.0713,256525371926.8474,78210894.6788952
92.19592,191.9896,255878873084.4171,79089793.2254851
92.42448,191.9121,255130189605.5961,79972326.96582069
92.65537,191.8398,254280676296.5264,80858995.39100653
92.88861,191.7736,253331701745.3309,81750210.36582975
93.12424,191.7147,252284614926.1609,82646248.35065672
93.36228,191.6642,251140858721.8782,83547401.60100414
93.60275,191.6233,249902114018.6009,84453886.37037656
93.84568,191.5934,248569848205.1212,85365788.57929687
94.09109,191.576,247146030658.0221,86283134.14343843
94.33901,191.5724,245631849372.151,87205721.32914506
94.58946,191.5843,244029086473.5532,88133263.06950963
94.84247,191.6135,242339657277.8392,89065264.84000742
95.09807,191.6619,240565239697.605,90002013.43566495
95.35628,191.7313,238707731999.1576,90945764.33301833
95.61712,191.8241,236769071974.3685,91898206.04543188
95.88063,191.9425,234751345636.2279,92859295.29731815
96.14683,192.0889,232656286779.7782,93828895.40431571
96.41576,192.2661,230486187200.0074,94806876.89007592
96.68743,192.4768,228242925968.9573,95793019.21303397
96.96187,192.7239,225928525712.625,96786813.66622557
97.23913,193.0107,223544900284.4034,97787636.31757015
97.51921,193.3407,221094266787.6772,98794881.98448625
97.80216,193.7173,218578792003.1138,99807621.47869591
98.08799,194.1446,216000686219.4118,100824779.1870677
98.37675,194.6265,213361682904.0889,101844479.6595367
98.66846,195.1671,210664018151.7869,102864803.6475309
98.96315,195.7709,207909757146.0404,103883187.320359
99.26085,196.4427,205101172101.4857,104896965.7972276
99.56159,197.1876,202240851881.2906,105902725.7318972
99.8654,198.0109,199330931259.5546,106896088.5566501
100.1723,198.9182,196374004237.4684,107876775.6674791
100.4824,199.9151,193372515755.892,108848239.4937285
100.7956,201.0074,190328949682.5972,109810731.8218044
101.112,202.2012,187245877239.2828,110760384.7177674
101.4317,203.5024,184126021456.1917,111693194.2064124
101.7546,204.9176,180972134346.0211,112605420.9740762
102.0808,206.4535,177787361964.8534,113493527.2139426
102.4104,208.1171,174574757031.2541,114353656.9645856
102.7433,209.915,171337420132.3504,115181611.8045311
103.0796,211.8541,168078520474.9222,115973272.7998933
103.4194,213.9419,164801624989.351,116725670.2380355
103.7626,216.1853,161510016285.6288,117434856.202029
104.1094,218.5915,158207282058.3101,118097432.6872086
104.4596,221.1675,154896805754.5681,118710218.1177097
104.8135,223.9219,151582494773.5826,119271559.2113688
105.171,226.8617,148267699024.9734,119783752.3735576
105.5321,229.9944,144956139225.227,120258059.0194016
105.8969,233.3282,141651467365.7177,120701608.8870653
106.2655,236.8701,138357208815.975,121114495.7807704
106.6378,240.6278,135076997789.7655,121497432.5153092
107.0139,244.6087,131814363778.4738,121850830.8330805
107.3939,248.8198,128572769554.0958,122175519.0748938
107.7777,253.2649,125357252514.8045,122472896.8539018
108.1655,257.9464,122172895243.6725,122742885.4017691
108.5572,262.8657,119024527510.4373,122984985.7959007
108.9529,268.0223,115916635566.494,123198731.0306728
109.3527,273.4149,112853365515.0063,123383098.9399108
109.7566,279.0418,109838513769.4308,123536092.3392914
110.1645,284.8992,106875596446.7368,123661166.15636
110.5767,290.9808,103967928852.3956,123768978.5043162
110.9931,297.2788,101118454515.5473,123864656.7365931
111.4137,303.7857,98329657398.13336,123946730.1069987
111.8386,310.4896,95604648626.2658,124013854.9697167
112.2679,317.3748,92946220787.10185,124063834.5296399
112.7015,324.4239,90356753380.85184,124094412.6630097
113.1396,331.6177,87838084146.38771,124103065.576193
113.5821,338.937,85391416765.50331,124087950.4800006
114.0292,346.3633,83017343189.39941,124047499.4780098
114.4808,353.8777,80715932046.18222,123980104.2124811
114.9371,361.4621,78486859103.90257,123884439.9273522
115.398,369.0967,76329557072.68015,123766675.7691219
115.8636,376.7606,74243194063.93974,123632233.1483727
116.334,384.4349,72226539635.08424,123478113.3148623
116.8092,392.103,70277973556.02177,123301580.4076855
117.2893,399.7487,68395708425.44952,123099837.6091745
117.7742,407.3552,66577819078.1644,122868983.9028959
118.2641,414.9086,64822249902.43814,122607386.2833855
118.759,422.3942,63126838003.42746,122310137.4923248
119.259,429.8005,61489293874.63109,121974517.5072467
119.7641,437.1177,59907213926.73772,121596882.8443482
120.2743,444.338,58378158002.00094,121175012.5423453
120.7898,451.4548,56899692671.65153,120706829.1344487
121.3105,458.4632,55469381387.27804,120187638.5600903
121.8365,465.3607,54084856521.50441,119610334.3552992
122.3679,472.1445,52743814836.67966,118967755.6573591
122.9048,478.814,51444057885.46718,118255326.6452294
123.4471,485.3686,50183466198.87638,117468839.6336154
123.995,491.8092,48960040576.43864,116605868.3437447
124.5485,498.1368,47771870625.69237,115665183.5155364
125.1076,504.3534,46617167990.86161,114645396.8951645
125.6724,510.4614,45494254475.03079,113539760.553462
126.243,516.4635,44401560664.30059,112340616.4310245
126.8195,522.363,43337620833.87126,111046392.0330195
127.4018,528.1626,42301079354.26936,109653652.8489305
127.9901,533.8665,41290650495.19765,108165823.1030817
128.5844,539.4783,40305128859.33154,106584311.5922147
129.1847,545.003,39343378789.52349,104913060.2319911
129.7912,550.4465,38404281785.78842,103159301.7920789
130.4039,555.8161,37486774169.4162,101326162.3146605
131.0229,561.1194,36589853453.49329,99411822.31917648
131.6482,566.364,35712624410.23951,97418294.39416482
132.2798,571.5573,34854241020.13217,95353819.39444457
132.9179,576.7077,34013940416.30233,93228663.95008847
133.5626,581.8225,33191020956.63639,91052706.83126403
134.2138,586.9101,32384844497.01423,88836960.86043277
134.8717,591.9786,31594825512.91045,86594359.27666503
135.5363,597.0355,30820448835.13433,84327267.34211265
136.2077,602.0884,30061273327.71061,82035051.55698949
136.886,607.143,29316913009.46436,79725269.87516265
137.5711,612.2054,28587033249.81895,77406619.69788514
138.2633,617.282,27871320892.07944,75089562.27101623
138.9626,622.379,27169485274.27158,72783658.51812425
139.669,627.5025,26481263272.03168,70498413.45837538
140.3826,632.6586,25806415389.52467,68237853.9698095
141.1035,637.8532,25144721119.34404,65999950.90795726
141.8318,643.0922,24495981372.93293,63787566.75690466
142.5675,648.3812,23860018792.58035,61607733.11708924
143.3108,653.725,23236678946.43149,59467530.72751748
144.0616,659.1283,22625826696.75235,57372834.57409599
144.8201,664.5952,22027340290.68152,55329978.78735866
145.5864,670.1295,21441109871.58292,53337843.66542818
146.3605,675.7345,20867034995.8489,51392326.24839451
147.1425,681.413,20305027050.51207,49495583.50564124
147.9324,687.1671,19755003878.04071,47650736.45587081
148.7305,692.9982,19216891412.53126,45861414.39839633
149.5367,698.9075,18690612964.48338,44129765.00535301
150.3512,704.8955,18176093580.66436,42455561.13614675
151.1739,710.9624,17673250525.77504,40833615.6072392
152.0051,717.1084,17181992726.92556,39262501.49913631
152.8448,723.3334,16702217982.80708,37743690.24626533
153.693,729.6374,16233817876.55868,36278584.74372561
154.5499,736.0197,15776679803.88547,34868656.76314257
155.4156,742.4791,15330687605.10642,33512415.88814941
156.2901,749.0143,14895717854.06774,32205626.34130377
157.1736,755.6236,14471641157.54433,30946638.59098849
158.0661,762.3048,14058323504.90886,29735516.76104949
158.9677,769.0556,13655625684.60266,28572489.24155236
159.8785,775.8729,13263402092.52604,27457562.72711577
160.7986,782.7537,12881503173.87636,26387479.68751505
161.7281,789.6941,12509776883.04171,25358238.4672945
162.6671,796.6899,12148065694.32751,24368667.61622261
163.6158,803.737,11796199862.4974,23418510.49179712
164.5741,810.8319,11453998396.69265,22507592.8586906
165.5422,817.9708,11121277134.24836,21634266.32140426
166.5201,825.1493,10797850362.76804,20795299.7667146
167.5081,832.3631,10483527679.7822,19989378.72822504
168.5062,839.6079,10178115396.8869,19216079.26781093
169.5145,846.8792,9881419186.5364,18474876.45825699
170.5331,854.1723,9593243440.13137,17764199.9755536
171.562,861.4822,9313391761.871216,17081448.66093842
172.6015,868.804,9041668570.545443,16425190.25662742
173.6517,876.1323,8777878148.143139,15794692.44674163
174.7125,883.4622,8521821800.946803,15189347.58004147
175.7842,890.789,8273299121.332878,14607795.8984628
176.8668,898.108,8032111464.607149,14047946.82469905
177.9605,905.4144,7798060883.551949,13509018.43903634
179.0654,912.7033,7570953383.965205,12990663.40119201
180.1816,919.9691,7350605629.47578,12492224.37409115
181.3092,927.2066,7136828064.150241,12012075.14675018
182.4483,934.4107,6929435926.820585,11548772.89584108
183.599,941.5764,6728245654.140552,11101951.25772203
184.7615,948.6991,6533074927.743574,10671405.77243533
185.9358,955.7741,6343744909.695856,10256012.62134949
187.1222,962.7972,6160079226.385782,9854656.481815593
188.3207,969.7642,5981904869.860366,9466887.474519845
189.5314,976.671,5809052512.021766,9092553.252447262
190.7545,983.5136,5641358064.351921,8730965.071773134
191.9902,990.2881,5478660659.041512,8381192.842728616
193.2384,996.9909,5320802571.490401,8042754.937889538
194.4994,1003.619,5167629058.096411,7715657.973008282
195.7732,1010.169,5018990187.414634,7399502.368987625
197.0601,1016.638,4874739963.805506,7093596.154917572
198.3601,1023.024,4734737755.183164,6797564.362694171
199.6735,1029.323,4598847295.225705,6511382.566574569
201.0002,1035.533,4466935739.042725,6234553.978131276
202.3405,1041.651,4338873914.620913,5966545.655604101
203.6945,1047.676,4214537206.879097,5707202.327925039
205.0623,1053.605,4093804490.361744,5456526.979334218
206.4441,1059.436,3976558944.560955,5214069.431201072
207.84,1065.168,3862687045.047153,4979397.675967955
209.2502,1070.799,3752079904.652089,4752556.592436022
210.6748,1076.329,3644631226.8258,4533409.085940747
212.1139,1081.755,3540238999.608991,4321583.254594971
213.5678,1087.077,3438803947.761059,4116947.611757191
215.0365,1092.293,3340231301.472365,3919535.40883689
216.5202,1097.405,3244428745.797374,3729059.744455497
218.0191,1102.409,3151308121.614626,3545225.419150077
219.5333,1107.308,3060783386.262408,3368100.074810299
221.0629,1112.099,2972772298.446894,3197523.173855801
222.6082,1116.784,2887195377.901008,3033250.887787833
224.1693,1121.361,2803976024.558644,2875237.739545834
225.7463,1125.832,2723040883.619492,2723398.473034726
227.3394,1130.196,2644318792.901996,2577508.555937095
228.9489,1134.455,2567741377.4764,2437475.898698985
230.5747,1138.607,2493242508.370135,2303234.486860719
232.2172,1142.655,2420759094.663256,2174589.82440098
233.8765,1146.598,2350229783.37518,2051405.284356613
235.5527,1150.438,2281596004.93771,1933625.417807079
237.246,1154.175,2214801276.31222,1821053.408274889
238.9567,1157.81,2149790962.552005,1713561.403696961
240.6848,1161.346,2086512812.430978,1611064.443035951
242.4306,1164.781,2024916222.870164,1513379.681175722
244.1942,1168.119,1964952825.993133,1420376.143110044
245.9758,1171.359,1906576006.932798,1331948.042189534
247.7757,1174.504,1849740774.322181,1247915.824841542
249.5939,1177.555,1794403884.505284,1168167.16512547
251.4307,1180.512,1740523611.581487,1092564.087638322
253.2863,1183.378,1688059883.814874,1020928.418932741
255.1608,1186.155,1636974213.215848,953168.8073599491
257.0545,1188.842,1587229436.788853,889120.5186085034
258.9676,1191.443,1538789776.766093,828621.6224894468
260.9002,1193.957,1491620652.37704,771563.9355480076
262.8525,1196.388,1445688760.163363,717787.0002487857
264.8248,1198.737,1400961957.986613,667176.9071107353
266.8172,1201.004,1357409317.306107,619587.0418754705
268.83,1203.193,1315000942.780707,574867.761549811
270.8634,1205.304,1273707926.388,532911.3612129221
272.9175,1207.339,1233502360.941029,493573.8622785279
274.9926,1209.3,1194357254.283394,456745.352251449
277.089,1211.188,1156246582.212379,422295.4044104439
279.2067,1213.005,1119145123.661769,390089.7036363557
281.3461,1214.754,1083028495.860071,360027.393884889
283.5074,1216.435,1047873225.584009,331986.8869702943
285.6907,1218.05,1013656549.378595,305864.7116531739
287.8963,1219.6,980356307.9781497,281551.1016750493
290.1245,1221.089,947951036.8174734,258948.8703575358
292.3755,1222.516,916419936.5734706,237955.9135311194
294.6494,1223.884,885742821.746502,218473.3709537225
296.9466,1225.194,855900082.4580479,200415.0484972702
299.2672,1226.449,826872688.582893,183689.7985600516
301.6116,1227.649,798642125.0398386,168218.5571515451
303.9799,1228.797,771190397.1726563,153918.9689162165
306.3724,1229.893,744499979.9554743,140717.2377543568
308.7894,1230.94,718553831.2681664,128540.3835778296
311.231,1231.939,693335333.3910589,117319.841183173
313.6977,1232.892,668828302.5365107,106991.2685333056
316.1895,1233.799,645016916.4682419,97492.15414090251
318.7067,1234.663,621885755.1011089,88764.42906468794
321.2497,1235.485,599419743.563583,80753.46265992607
323.8187,1236.267,577604148.9294723,73407.37679970884
326.4139,1237.01,556424562.5709312,66676.9238853054
329.0357,1237.714,535866892.7351843,60516.96134009726
331.6842,1238.383,515917337.4447119,54883.63073728231
334.3598,1239.016,496562373.2402483,49737.31788322666
337.0627,1239.616,477788748.5372605,45039.75456719875
339.7933,1240.183,459583468.3721994,40756.30976665864
342.5517,1240.72,441933772.6366574,36853.45661063679
345.3383,1241.226,424827158.703972,33300.49696552174
348.1535,1241.704,408251322.6168641,30069.33185989379
350.9973,1242.154,392194185.3043289,27132.55542681599
353.8703,1242.578,376643876.9680426,24466.5380412259
356.7725,1242.977,361588721.187331,22047.74449450818
359.7045,1243.352,347017234.1842054,19855.80192079766
362.6664,1243.704,332918112.6652908,17870.70021851341
365.6585,1244.034,319280234.5686448,16074.27612814995
368.6813,1244.342,306092650.7885786,14450.28880746699
371.7349,1244.631,293344576.0293423,12982.95670916101
374.8197,1244.901,281025389.6699913,11658.65004097923
377.9361,1245.153,269124626.2522632,10464.20432949834
381.0842,1245.387,257631974.9454996,9387.462002893762
384.2646,1245.605,246537276.2395112,8417.915879707178
387.4774,1245.808,235830519.0165034,7545.317340599937
390.7231,1245.996,225501838.2656368,6760.632667591453
394.002,1246.17,215541506.8495024,6055.563840841417
397.3143,1246.331,205939944.2074985,5422.307469028375
400.6605,1246.479,196687706.3346829,4854.043183602244
404.0409,1246.615,187775487.4412549,4344.453173554668
407.4558,1246.74,179194118.9653583,3887.662825669117
410.9056,1246.855,170934568.1120294,3478.494474608881
414.3906,1246.96,162987937.4378013,3112.231490403801
417.9113,1247.055,155345464.5327443,2784.503454775137
421.468,1247.142,147998521.6569389,2491.386350221665
425.0609,1247.22,140938615.668034,2229.397727048929
428.6906,1247.291,134157388.2061682,1995.315620225484
432.3574,1247.354,127646615.7642262,1786.199684767841
436.0617,1247.411,121398210.0543419,1599.48216575904
439.8038,1247.461,115404217.4288171,1432.826534990568
443.5841,1247.505,109656823.2187001,1284.093411763185
447.4031,1247.544,104148346.3827824,1151.367145978956
451.261,1247.578,98871244.04788701,1032.948234950712
455.1584,1247.607,93818111.01120852,927.3166520142624
459.0957,1247.631,88981680.30022952,833.0853930580413
463.0731,1247.652,84354823.69938643,749.0027644717575
467.0912,1247.668,79930552.24152,673.9737189151675
471.1504,1247.681,75702016.06840909,607.0120376715489
475.251,1247.691,71662507.42806946,547.2335564128391
479.3935,1247.699,67805462.06192757,493.8480675930961
483.5784,1247.703,64124476.70321907,446.1488505358713
487.806,1247.706,60677249.79242603,403.5056158778906
